14.972222222222229
-120.0
15.80769230769232
-0.625
-43.0
2.9166666666666714
-56.1
-27.900000000000006
-120.0
-120.0
-21.625
6.807692307692307
24.583333333333343
-5.25
-1.3888888888888857
-6.361111111111114
-13.583333333333329
25.875
-1.1388888888888857
56.388888888888886
0.9642857142857082
0.9500000000000028
-0.36363636363635976
-0.20000000000000284
-9.0
-5.194444444444443
-7.083333333333329
-3.75
nan
-0.2142857142857082
-1.1666666666666714
-120.0
38.46428571428572
65.88888888888889
8.136363636363626
-10.388888888888886
-10.227272727272734
4.888888888888886
16.041666666666657
-7.291666666666671
-13.299999999999997
-15.900000000000006
3.3333333333333286
-30.875
40.58333333333334
-55.66666666666667
-22.0
56.69999999999999
nan
nan
-120.0
-28.375
-17.57692307692308
-3.0
nan
nan
nan
nan
-17.28125
-0.2916666666666714
27.416666666666657
0.5555555555555571
1.0999999999999943
28.730769230769226
-5.333333333333329
-0.75
-33.46875
-5.235294117647058
-6.807692307692307
-10.17857142857143
-10.625
-7.041666666666671
-4.67647058823529
21.375
38.470588235294116
7.647058823529406
-16.75
-7.615384615384613
-9.049999999999997
nan
-60.0
36.66666666666666
-114.0
-120.0
-3.6538461538461604
-44.72222222222223
5.318181818181813
-23.13636363636364
nan
17.444444444444457
-2.555555555555557
-4.13636363636364
10.363636363636374
-0.9090909090909065
-2.181818181818187
-18.14285714285714
-32.26470588235294
0.22222222222222854
-3.0
1.1111111111111143
-7.035714285714292
-15.333333333333329
-10.911764705882348
-7.055555555555557
-10.083333333333329
nan
-1.8888888888888857
-8.25
16.85714285714286
13.638888888888886
-38.15384615384616
15.722222222222229
nan
-6.333333333333329
-7.411764705882348
-3.5
-11.28125
-5.769230769230774
17.133333333333326
3.875
35.0
-1.875
-19.25
-7.928571428571431
6.055555555555557
11.083333333333343
-52.90909090909091
-59.77272727272727
-63.666666666666664
-32.18181818181819
69.16666666666666
-34.83333333333333
-15.772727272727266
-11.5
-11.681818181818187
-16.590909090909093
-9.5
-14.545454545454547
nan
42.34375
-47.5
-7.041666666666671
8.363636363636374
-9.400000000000006
5.944444444444443
7.34615384615384
-7.166666666666671
-5.375
-78.375
2.0333333333333314
13.40625
11.833333333333343
-9.700000000000003
-19.227272727272734
45.571428571428584
2.0416666666666714
10.181818181818187
13.363636363636374
-43.0
-19.785714285714292
-120.0
-81.125
6.63333333333334
10.833333333333343
8.636363636363626
1.818181818181813
0.09999999999999432
-17.181818181818187
20.909090909090907
-7.944444444444443
-5.7222222222222285
59.33333333333334
-5.333333333333329
1.0999999999999943
-3.0
9.205882352941188
16.294117647058812
-96.0
-102.25
-120.0
31.0
-104.5
-8.42857142857143
32.76470588235293
-5.333333333333329
-1.1666666666666714
9.125
10.0
nan
nan
14.0
10.764705882352928
8.361111111111114
12.794117647058812
63.94444444444446
-7.25
13.038461538461547
8.5
4.911764705882348
8.027777777777771
-3.9545454545454533
-4.86363636363636
55.0
10.75
-18.29166666666667
29.133333333333326
-8.5
6.111111111111114
1.2142857142857082
16.1875
-8.36363636363636
2.03125
-30.650000000000006
nan
-11.857142857142861
-0.6785714285714306
nan
-97.875
2.0277777777777715
15.785714285714278
-19.75
39.04166666666666
32.78125
18.583333333333343
-109.625
0.18181818181818699
-14.9375
-27.64285714285714
2.2222222222222285
3.785714285714292
-3.214285714285708
-3.0454545454545467
-18.83333333333333
16.30000000000001
-12.75
31.5
12.300000000000011
40.66666666666666
-34.5
-38.66666666666667
-5.583333333333329
19.5
-120.0
-34.099999999999994
256.85
116.0
-120.0
-0.29411764705882604
0.22222222222222854
-27.16666666666667
-15.42857142857143
25.833333333333343
20.875
nan
1.5833333333333286
-22.5
60.30000000000001
23.375
-13.333333333333329
-6.181818181818187
3.3461538461538396
-3.5
-2.7777777777777715
-29.33333333333333
14.6875
-25.035714285714292
-8.166666666666671
3.5
10.083333333333343
20.388888888888886
-20.66666666666667
16.02777777777777
-19.884615384615387
-50.8125
-63.3
nan
-49.75
-28.875
14.1875
-120.0
20.0
0.9444444444444429
-13.25
-17.92857142857143
-13.055555555555557
10.066666666666663
-13.647058823529406
-27.269230769230774
-27.147058823529406
-28.75
-61.5
-41.16666666666667
-41.5
-22.58333333333333
-41.83333333333333
-17.8125
-42.33333333333333
-42.16666666666667
-50.0
34.28571428571428
42.27777777777777
-12.0
8.5
-4.375
-116.0
-118.0
-107.0
-110.5
-120.0
-110.5
16.89285714285714
22.305555555555543
-17.615384615384613
-10.785714285714292
-64.14285714285714
-7.727272727272734
-0.44117647058823195
-19.4375
1.0
-31.72222222222223
49.25
-10.333333333333329
49.25
-4.066666666666663
nan
-51.230769230769226
-18.66666666666667
-18.192307692307693
-2.555555555555557
-21.599999999999994
52.19444444444446
2.9722222222222285
28.80000000000001
-15.200000000000003
-42.0
nan
-1.1666666666666714
-12.75
-9.400000000000006
-2.5
-10.038461538461533
1.7777777777777715
-6.75
27.888888888888886
-3.714285714285708
-6.0277777777777715
-1.1944444444444429
-6.638888888888886
-27.66666666666667
-60.875
-5.694444444444443
28.73333333333332
-44.625
-31.0
73.05000000000001
24.30000000000001
24.85714285714286
9.142857142857139
14.84615384615384
-4.928571428571431
24.833333333333343
-0.25
nan
-94.0
88.54166666666666
-57.75
-50.5
-2.9285714285714306
-120.0
4.333333333333329
-4.32352941176471
11.166666666666657
18.47222222222223
29.84375
1.4166666666666714
-2.194444444444443
-2.7222222222222285
17.833333333333343
-0.6363636363636402
1.75
0.4166666666666714
-54.2
-16.384615384615387
11.0
-18.400000000000006
44.30000000000001
8.071428571428584
-0.9000000000000057
-11.194444444444443
-0.09375
-4.75
-37.33333333333333
-37.0
9.961538461538453
-10.25
-20.25
-19.900000000000006
1.681818181818187
5.111111111111114
-20.64285714285714
1.3611111111111143
4.333333333333329
5.5
-8.041666666666671
3.17647058823529
10.392857142857139
22.09375
-112.0
114.42857142857142
nan
-5.63636363636364
6.0
36.875
-120.0
0.9166666666666714
33.05000000000001
81.22222222222223
51.26666666666668
-2.3333333333333286
-9.205882352941174
-15.884615384615387
4.194444444444443
-13.5
0.8846153846153868
-7.833333333333329
5.375
2.029411764705884
10.0
-3.461538461538467
1.2307692307692264
2.8076923076923066
39.25
-120.0
30.900000000000006
32.470588235294116
7.583333333333329
20.0
8.617647058823536
19.03125
-71.7
35.970588235294116
11.0
1.6071428571428612
-33.38461538461539
-4.5
-11.1875
-4.730769230769226
50.59090909090909
-40.0
