11.625
-37.484375
6.015625
-127.07031199999983
15.77343800000017
-5.953125
nan
nan
4.050782000005711
-19.4375
-19.769530999999915
-12.734375
167.625
-15.14843699999983
-6.453125
-371.078125
-14.03125
23.199218999998266
9.640625
nan
nan
8.828125
-17.59375
52.41406300000381
11.664062999996531
-3.765625
-14.984375
-15.914062000003469
-7.175780999998096
5.414063000000169
-13.84375
-7.234375
20.60156300000017
20.765625
3.2734379999965313
-13.1054680000002
-6.835936999996193
-11.570312000003469
-160.546875
-52.925780999998096
nan
-4.292968000001565
-11.964843000001565
-23.30078099999082
nan
-11.33593699999983
-16.921875
-21.09375
-12.875
-279.25
-12.21875
-1.75
nan
5.179688000000169
-7.472655999998096
-1.0507809999999154
8.597656999998435
-10.90625
-2.046875
-487.10156199999983
-10.152343000001565
-19.2460930000002
-8.472655999998096
-84.97265599999992
-411.1679679999943
-7.8125
-1.9453119999998307
-215.16406199999983
-5.546875
-79.82031200000347
-231.90625
-2515.4921870000035
4.273438000000169
10.457031999998435
39.84375
-6.453125
-19.46875
-187.48046800000157
-9.96875
5.757813000000169
78.80468800000017
-5.839842999999746
505.640625
407.88281299999653
-1904.59375
nan
119.88281299999653
12.875
210.6875
-6.273437000003469
nan
-10.21875
-29.96875
-1.765625
14.773438000003807
-15.515625
258.5742190000019
-33.53906199999619
-8.265625
-0.9609369999998307
-6.37890599999082
-96.2851559999998
-253.6523429999943
551.4335940000019
266.035157
-0.10156200000346871
104.39453199999843
nan
-226.1523429999943
47.777343999998266
16.34765700000571
4.402344000000085
16.347656999998435
71.4960940000019
nan
12.105468999998266
-17.683593000001565
0.10546900000008463
6.269531999998435
-11.015625
-114.64843699999983
-23.16406199999983
-7.316406000000001
-4.011718000001565
15.585937999996531
-369.38281200000256
24.0
2.476562999997441
46.89843800000017
-9.53906199999983
-208.33593700000347
-462.30468700000347
-16.125
-8.757811999996193
-6.492186999999831
-13.0625
1.734375
nan
19.246094000000085
-2.667968000001565
-9.613280999998096
nan
150.02343800000017
-17.84375
-109.72656199999983
36.703125
-33.0585930000002
-15.832031000001734
nan
-47.35156200000347
117.8242190000019
-36.82421799999997
nan
2.09375
-418.6875
16.94531300000017
49.300781999998435
nan
117.6640629999988
nan
845.515625
-91.24218699999619
-8.945312000003469
0.890625
-9.90625
-18.140625
-19.546875
10.820312999996531
35.75781299999653
-6.449218000001565
-91.2851559999981
18.871094000000085
16.59375
-160.9609369999962
14.460937999999942
3.53125
21.453125
nan
-92.50390599999082
-7.957030999998096
nan
-163.19140599999992
-28.88281200000347
398.203125
nan
nan
-78.03125
-11.765625
-16.30468700000347
-106.8476559999981
-1.761718000001565
-6.62890599999082
221.7070320000057
-6.238280999998096
-7.164062000003469
-28.675780999999915
72.53906300000017
-25.72656200000347
15.429687999996531
-303.8671869999962
-274.46875
80.375
14.28125
-1.5625
-14.828125
25.597656999997525
-6.589843000001565
-11.542968000001565
-15.828125
-7.0
-4.824218000001565
20.941406999998435
176.9335940000019
-11.367187000003469
nan
-81.28125
-726.03125
-3.9140619999999444
17.71093800000017
85.73828199999843
-14.050781000001734
nan
-14.292968000001565
nan
-12.300780999998096
-0.06640599999809638
534.1679689999983
-141.90625
-1248.359375
126.546875
-11.25781199999983
-15.41406199999983
-5.671875
181.14843800000017
-10.960937000003469
43.33593799999653
135.640625
nan
nan
129.28906299999653
-16.050780999999915
-18.011717999999746
nan
nan
344.59375
41.0
-69.92968700000347
nan
-16.398436999996193
-19.00781199999983
314.3398440000001
374.84765699999843
nan
8.386719000001904
-15.472655999999915
-14.632811999996193
-7.886718000001565
nan
-202.1328119999962
3.9921879999965313
-3.703125
0.2070319999984349
82.390625
305.9765630000038
nan
-9.933593000001565
-13.910155999998096
4.582031999999799
-24.765625
-13.867187000003469
-7.628905999998096
-2.65625
-13.285155999998096
-3.417968000001565
-168.25781199999983
-106.07421800000157
nan
-71.265625
122.484375
14.488281999998435
17.378906999998435
nan
-163.0820309999981
nan
-5.046875
-23.382811999996193
2.5117190000019036
-15.207030999998096
100.0898440000019
-15.08984299999429
nan
nan
-12.011718000001565
-593.5429680000016
nan
-565.0234370000035
-406.69531200000347
nan
nan
-16.24218699999983
-170.48046800000157
-3.828125
-17.671875
-15.08593699999983
-2.746093000001565
-7.433592999994289
-34.28906200000347
262.44531299999653
-25.828125
-27.359375
28.351563000003807
-2.0078119999961928
8.70703200000571
-14.503905999999915
-4.757811999999831
-39.984375
-27.390625
7.476563000003807
11.496093999999971
-37.261718000001565
21.035156999998435
17.605469000001904
21.035156999998435
47.125
-3.917968000001565
-24.792968000001565
2.5859380000001693
-11.847655999999915
15.484375
115.1875
43.46093800000381
24.359375
13.109375
-16.550780999998096
32.89453200000571
-45.91796799999429
-15.507812000003469
-2.7890620000034687
-4.535156000001734
8.769531999998435
-14.871092999999746
26.6875
1.71875
12.179687999996531
-11.289061999996193
-14.0
-22.234375
-4.882811999999831
-17.86718699999983
-26.64843699999983
-19.328125
-4.875
21.949219000001904
-8.625
-6.636718000001565
nan
16.621094000001904
nan
23.246094000001904
-21.222655999999915
-13.433593000001565
12.199219000001904
152.97265699999843
-35.859375
-10.382812000003469
199.8125
32.417968999998266
-13.01953099999082
-3.9453119999961928
-9.28125
-10.171875
-359.08593699999983
23.375
17.148438000003807
-245.60546800000157
-9.601561999996193
27.86328200000571
4.945312999996531
-1228.2734369999994
-6.980467999999746
-5.304686999996193
-98.9101559999981
nan
nan
nan
-253.5351559999981
-86.26171800000157
-20.609375
-13.484375
-18.21875
-6.820312000003469
-3.7734370000034687
nan
nan
13.414063000003807
-197.0
-1.808593000001565
106.60546900000918
50.046875
2.5273440000000846
202.3984380000038
-2.3984369999961928
37.808594000001904
18.503907000000027
-0.32421799999428913
9.292969000001904
-2.1914059999980964
-321.41796800000157
-507.59765600000173
nan
-18.84375
-29.273436999996193
nan
-256.6640620000003
-10.269530999999915
-20.71875
-270.05468700000347
64.96093799999653
-862.921875
211.84765699999843
-35.91406200000256
8.058594000000085
17.113281999998435
-5.464843000001565
-8.214843000001565
-277.75390600000173
-9.800780999998096
-31.261718000001565
-13.042968000001565
336.9414070000057
-8.699218000001565
202.40625
-142.6054680000002
37.667969000000085
nan
27.72265700000571
23.246094000001904
-0.1992180000015651
0.6757819999984349
-191.36328099999082
27.16796900000918
-161.93359299999975
-6.214843000002475
23.160156999998435
-10.183593000001565
19.871094000001904
18.79296900000918
-7.730467999994289
-452.00781199999983
