-9.375
-4.484375
82.515625
5.929688000000169
82.27343800000017
8.046875
-23.078125
nan
-15.94921799999429
620.5625
-13.269530999999915
-61.234375
-329.875
4.351563000000169
8.546875
-287.078125
-320.53125
-209.80078100000173
7.640625
6.046875
-111.05468700000347
2.828125
12.40625
-446.5859369999962
2.6640629999965313
3.734375
5.015625
-56.41406200000347
3.8242190000019036
27.41406300000017
-196.34375
-35.734375
6.601563000000169
-94.734375
-129.22656200000347
3.394531999999799
11.164063000003807
-160.07031200000347
14.453125
-5.925780999998096
nan
nan
2.535156999998435
205.69921900000918
1.7929689999982656
nan
-166.921875
552.90625
-478.875
-247.75
33.78125
194.25
nan
5.179688000000169
18.027344000001904
17.949219000000085
5.097656999998435
17.09375
-3.546875
7.898438000000169
2.347656999998435
-2.246093000000201
2.0273440000019036
135.02734400000008
nan
1.1875
-24.94531199999983
9.33593800000017
7.953125
-67.82031200000347
1.09375
4.007812999996531
2.2734380000001693
nan
-480.15625
-342.453125
-169.96875
7.519531999998435
-13.46875
-25.74218699999983
20.80468800000017
40.660157000000254
-168.359375
-63.61718700000347
-852.59375
-1.7695310000017344
7.882812999996531
-117.625
432.6875
5.226562999996531
22.789062999998805
28.78125
19.03125
4.734375
3.7734380000038072
-8.015625
-36.425780999998096
-76.53906199999619
1.734375
4.039063000000169
-1.3789059999908204
-66.7851559999998
-7.652342999994289
-2.5664059999980964
-5.9648429999999735
14.898437999996531
57.394531999998435
nan
2.847657000005711
12.777343999998266
-234.6523429999943
-136.09765599999992
-16.152343000001565
-11.003905999998096
-11.011718000001565
5.605468999998266
nan
142.60546900000008
nan
-12.515625
nan
6.335938000000169
-4.816406000000001
-45.011718000001565
-7.414062000003469
-234.88281200000256
-180.0
-52.52343700000256
-58.10156199999983
0.46093800000016927
-227.83593700000347
-532.3046870000035
-306.125
-4.757811999996193
-4.492186999999831
-18.5625
-3.765625
-11.890625
40.746094000000085
-183.66796800000157
-331.1132809999981
3.578125
3.5234380000001693
3.15625
116.27343800000017
-242.296875
0.9414069999997992
nan
-73.41796799999429
-37.35156200000347
-3.6757809999980964
27.175782000000027
16.085938000003807
-12.90625
-266.1875
-135.05468699999983
63.800781999998435
1.628906999998435
-119.3359370000012
18.83593799999744
nan
-96.74218699999619
1.0546879999965313
12.890625
6.59375
5.359375
2.453125
3.3203129999965313
45.75781299999653
-89.44921800000157
-1.2851559999980964
-620.6289059999999
-9.90625
12.539063000003807
14.960937999999942
20.53125
32.453125
-143.9414059999981
nan
-0.9570309999980964
-16.15625
13.308594000000085
41.11718799999653
-30.296875
-238.05468699999983
-328.515625
-211.53125
-103.265625
4.695312999996531
69.6523440000019
8.738281999998435
6.37109400000918
9.20703200000571
-230.2382809999981
nan
-340.1757809999999
190.53906300000017
20.77343799999653
29.92968799999653
32.13281300000381
-58.46875
-105.125
7.28125
1.9375
8.671875
-11.902343000002475
2.910156999998435
4.457031999998435
2.671875
-196.0
6.675781999998435
20.941406999998435
223.9335940000019
-2.8671870000034687
-56.511718000001565
-309.28125
1323.96875
298.08593800000006
1.7109380000001693
nan
nan
nan
307.20703199999843
1.4335940000019036
nan
18.933594000001904
nan
614.59375
-1037.359375
25.546875
7.742188000000169
6.085938000000169
-93.171875
193.64843800000017
8.039062999996531
61.33593799999653
107.140625
-41.515625
nan
-98.71093700000347
2.9492190000000846
nan
6.464843999998266
255.140625
-67.40625
-153.0
nan
-166.5976559999981
27.601563000003807
-22.50781199999983
2.8398440000000846
-152.15234300000157
-165.05078099999992
2.3867190000019036
58.527344000000085
-164.1328119999962
nan
242.5742190000019
1.3671880000038072
8.992187999996531
-199.203125
7.207031999998435
3.390625
6.476563000003807
26.410156999998435
-167.43359300000157
-156.9101559999981
-94.9179680000002
13.734375
30.63281299999653
-429.1289059999981
14.84375
-8.785155999998096
-121.41796800000157
nan
84.92578199999843
39.765625
-224.265625
-171.515625
-248.51171800000157
nan
-153.0585929999943
-148.0820309999981
nan
12.453125
-6.882811999996193
-9.488280999998096
-3.7070309999980964
-6.410155999998096
-214.5898429999943
nan
-93.44531199999983
-535.0117180000016
nan
nan
nan
nan
nan
-105.59375
5.757813000000169
6.019531999998435
38.171875
-0.671875
21.41406300000017
-40.746093000001565
11.06640700000571
183.21093799999653
185.94531299999653
nan
-249.859375
-94.64843699999619
-88.50781199999619
-4.792967999994289
-38.003905999999915
-40.25781199999983
-75.484375
nan
-114.52343699999619
-63.50390600000003
-413.26171800000157
420.53515699999843
-113.8945309999981
420.53515699999843
-9.875
-143.91796800000157
-44.792968000001565
-160.91406199999983
3.1523440000000846
0.984375
-210.3125
-67.03906199999619
-194.640625
nan
-4.550780999998096
-5.605467999994289
3.082032000005711
-128.50781200000347
-193.28906200000347
-118.03515600000173
22.269531999998435
nan
6.1875
-144.28125
23.67968799999653
5.710938000003807
3.5
0.265625
32.11718800000017
nan
278.85156300000017
-72.828125
5.125
-16.050780999998096
2.375
2.863281999998435
nan
-264.3789059999981
3.003907000005711
18.746094000001904
-338.2226559999999
-125.43359300000157
6.199219000001904
-81.02734300000157
5.640625
3.6171879999965313
-40.1875
nan
6.48046900000918
255.5546880000038
3.21875
nan
27.91406300000017
30.375
34.64843800000381
5.394531999998435
5.898438000003807
3.363282000005711
64.44531299999653
-1215.2734369999994
-131.48046799999975
0.6953130000038072
-11.910155999998096
-11.261718000001565
nan
nan
-244.0351559999981
nan
4.390625
3.515625
-10.21875
-261.32031200000347
-4.773437000003469
-181.28125
4.9375
-147.5859369999962
-76.0
129.19140699999843
nan
-9.453125
-60.972655999999915
2.8984380000038072
2.6015630000038072
7.308594000001904
-5.4960929999999735
6.175782000005711
7.792969000001904
2.3085940000019036
-50.917968000001565
-249.59765600000173
-88.56640599999992
-12.84375
-142.2734369999962
9.152344000001904
242.33593799999971
-317.7695309999999
nan
nan
-61.03906200000347
10.078125
nan
-383.91406200000256
2.0585940000000846
-16.886718000001565
-102.46484300000157
4.785156999998435
22.246093999998266
-93.8007809999981
-2.761718000001565
18.457031999998435
-80.55859299999429
22.300781999998435
nan
nan
-142.33203099999992
19.964844000000085
-1.2773429999942891
-4.753905999998096
-113.19921800000157
11.675781999998435
nan
25.16796900000918
-370.43359299999975
nan
-29.339843000001565
nan
-42.628905999998096
37.29296900000918
-181.7304679999943
nan
